101 11111111111111001 11111101100.

8111011101 : 10 611111· 011 Rom, 10101. 8101101101 6001101000 varia exegetica
Lugd. 1556. 10101. 1101101576.

8101010110 proverb. 1101. in 101. 8101011111 10 111001,11010, 111100,
Paris. 16213 10 600101. 6 101. 10 101. 010. 11110110 1011011161576.
111111. 1651. 8101101 : 111 Gen. 01 61011. 10101· eius

810011110100010,5101.1001101111. 0110101111. ioess. ·
16881655. ’111111101090111 S. 8011111111 101.
· 810010011111111101. evang. 16101. 1101010000, 16661 in 611111. 011 110111.
10101110111111567-1602. ’ 701011. 1611.

8111011111 111 11011. 01110101, Ruth„ 11011101ε111111111011.8’011111.5101.10
61111, 7011, 11101111,6111101,110011011., 101, 1111110111. 1651010161.

101), 11.,1010111,,11010011, 600011, 11111, 1111111111οω 10 1011,1100101.,61001.

Ρ1011. min. 11101. in 101 bugd. 1612- 1000.,0111110161111. 10116,Ρο1101515-

68. 1711061010, 6011110, unuh„ 111100,
81100011 1111010010161111, Pauli, 111 1111. 1550-1511. 81011111 1001110.

101. 60100. 1566, 7011101611 1110.,1000.,011.01111001.
80110111οτ 10011111010110001. 17110. 11011100, 15881600. 80111101 1100101
8001111101 :ln Epist. 011 Gal. in 8. 10111101111111001.,101.,101.,11011,

1111110111. 1565. paral„ 1101111. 15 101. 11 101. 11111011,
8101111011 10 60111. 01600011. 10 101. 1101. 1101001615.

10110111,1576;11111110001.111 1011101οέ Τ1101111110) z 10011101. 011 verbi 1101

111011, 1565. intelligent. in 101. 1011110, 1711.
810111οι11111101010001111111006010· 1100011011 Thesaurus antiquitatum

0100110101, 11111, 11010011.. 6011, sacrarum, complectens 1010010 011. 11·

10111111,6111101, 1110011011 . 6110010010. 101010 011010 de 011111101ιο1. 11011100-

010110 01. 00110110 100001. rum, 01 vot. 01 00 venetiis, 1111-
semmam ε 10 1101110. 5101. 10101. 65.

Lugd. 1615. 11101001 1111100101. 111 V. 7. 2 101.
811101 8111111111 :Bibliotheca 0011110. 111101. 80101001. 1561. 80011101 recusa.
venet. 1566, expurgata 01. 11010, Pa- 111011011111101111.· (10) : 111 10111001, 5
111. 1610, ’ 101.1“11-101.1.111111.-.1665-71.
811111 01 Vm 1101οε 11010101. eum 1111010101 ln 611. 011 11111111. 0101.
10111000 6101111. V. T. 21 101. 10 8. 111 10110111. 166656.
11110111. 171101 1111. 1110100110110110 11111. 1101101111
8010111111 1101111, 11010. 01 1005 Romae, 1660111111.
10110101, 60011011110001561-71. 110011 110 11110001. in 101. 610100,
8010 (0011101001) 11 611. ad Rom. 10 1661. 80011101 100010.

- 101.80110001100,1551. 1011111001 t 10 600011. 5101. 10

8010 (1011011001) 10 11011110. 10 101. 10111011001596-165.
0111111000,1590; 10 61111. ad Tim. 01 1111001101 1 Sessio IV 600011. 11111.
Tit. 10 10160111. 1610. 1111110010, 2 vol. 11 8. 1100100, 1816.

8111111011 : 10110 exegetica, 5 101. 1110011011 111100110110001 80111116
10101. Paris. 1660. 101. 601011. 1775. 11101101 recusa.

8100111110 6110110) : 10 Lucam, in
1011101111581011111. - 1111 adde 0010101,Ρο110010101111

8111111101 : 10 0100016111. Pauli auctoribus 0111101, 011110 01 commentaria
01 101. 9101. in 1. 1111011101. 1588- 10111001011111006010101,0 6001110110
1610. 11100.,οΒ011111011οΡ101.,08001, Car·

 

